0.0 0.0
0.5480634536238987 1.0
0.7609373374976163 2.0
0.8337710456817687 3.0
0.8788999587231449 4.0
0.9124184517161973 5.0
0.9522466844747248 6.0
0.9787883528223461 7.0
0.9945552506761766 8.0
0.998082786412875 9.0
0.9965843025776603 10.0
0.9914278027604421 11.0
0.9851502366749583 12.0
0.9814218163334731 13.0
0.9817804706524093 14.0
0.9848268410498622 15.0
0.988440543644361 16.0
0.9903372825211297 17.0
0.9843459078372133 18.0
0.9497062213013778 19.0
0.9324212436203825 20.0
0.9485453973362257 21.0
0.9680451850415461 22.0
0.9800850295286353 23.0
0.9882603449592791 24.0
0.9757478360499027 25.0
0.948592235209197 26.0
0.961008185196914 27.0
0.9826676133222109 28.0
0.9894732193400156 29.0
0.9959065319409094 30.0
0.9970996142956446 31.0
0.9950325623838702 32.0
0.9921267753037686 33.0
0.9854432098847086 34.0
0.9817357777719946 35.0
0.8648685699892517 36.0
0.7943505811007694 37.0
0.8417905563471879 38.0
0.8600939135949689 39.0
0.9265828709852683 40.0
0.9772092518220609 41.0
0.9778826111307009 42.0
0.9911606342133977 43.0
0.994836629998557 44.0
0.9915134572627581 45.0
0.9967919682066554 46.0
0.9902212524873977 47.0
0.5134917257104055 48.0
0.396368542381479 49.0
0.6447285881310609 50.0
0.48526432725900914 51.0
0.6837394169926321 52.0
0.8435188986540795 53.0
0.9043127091747873 54.0
0.8967811915945381 55.0
0.9463082435221088 56.0
0.9710060368235044 57.0
0.9669726593386984 58.0
0.9879129687224617 59.0
0.9608392980718085 60.0
0.9634085475038232 61.0
0.9705902374088353 62.0
0.5019566622723812 63.0
0.3945590671438229 64.0
0.37348727159378253 65.0
0.44130026591535915 66.0
0.7747736141325309 67.0
0.8676874296315835 68.0
0.9062668829821514 69.0
0.9373520873442991 70.0
0.965295664610379 71.0
0.9167218822435085 72.0
0.9296341349548229 73.0
0.9735760960130797 74.0
0.9854876826336992 75.0
0.9909199915354994 76.0
0.9842068261342019 77.0
0.6792730340566648 78.0
0.713260075722475 79.0
0.6789838750125455 80.0
0.6126713028423403 81.0
0.7266900344632884 82.0
0.8490307942077386 83.0
0.9339621445543452 84.0
0.9350197697490997 85.0
0.9310037816205453 86.0
0.9760217941586367 87.0
0.9921739966274825 88.0
0.9766469600465513 89.0
0.9653282163719036 90.0
0.9716700751713248 91.0
0.9746662286208116 92.0
0.9746593239807988 93.0
0.588835231951466 94.0
0.4119891478354981 95.0
0.6504983050937979 96.0
0.7753994261328806 97.0
0.8589217400758286 98.0
0.9421023428656068 99.0
0.9795671473772304 100.0
0.9825955068897072 101.0
0.9834445065715671 102.0
0.9907582017144289 103.0
0.9957234853459279 104.0
0.970544610672698 105.0
0.9686915987299023 106.0
0.8872376755353103 107.0
0.6354603859109201 108.0
0.5220711226724352 109.0
0.5436043201050154 110.0
0.6842274090858687 111.0
0.8055862640947685 112.0
0.8988639208423549 113.0
0.9572387916483398 114.0
0.9865178077497008 115.0
0.9852775160435736 116.0
0.9855852093444418 117.0
0.9890844898381506 118.0
0.989872856975349 119.0
0.981033405438498 120.0
0.9953921730611273 121.0
0.9964885733181844 122.0
0.58498159256984 123.0
0.46523109274501984 124.0
0.4693683839190008 125.0
0.6528372217054095 126.0
0.8328042503680303 127.0
0.9049669842464879 128.0
0.9638499872967263 129.0
0.9730697738781279 130.0
0.9803483593249407 131.0
0.9873064836057959 132.0
0.9860694085772833 133.0
0.9182327753705292 134.0
0.9027116560985865 135.0
0.9473541661265499 136.0
0.546846051163638 137.0
0.6272607146924494 138.0
0.7412195495318242 139.0
0.37633516994402155 140.0
0.40555286667018486 141.0
0.5995119895821054 142.0
0.894323378228722 143.0
0.9254474092076332 144.0
0.9695322956641625 145.0
0.9754852838781756 146.0
0.9891308770438564 147.0
0.9948808781976535 148.0
0.9851751822823418 149.0
0.9586095828672297 150.0
0.9576271246283095 151.0
0.6357434647945567 152.0
0.602469174504818 153.0
0.4748333046894979 154.0
0.5436434843633293 155.0
0.6501664468246918 156.0
0.789101227256762 157.0
0.8997270957331417 158.0
0.930765934531786 159.0
0.9411174102254546 160.0
0.9756213813512429 161.0
0.9940867151782111 162.0
0.9920050001098727 163.0
0.9824999164529752 164.0
0.9776875697787654 165.0
0.9730842888461506 166.0
0.6396307571906853 167.0
0.514308313679265 168.0
0.46556662393447784 169.0
0.4872563256935275 170.0
0.5471630225972383 171.0
0.7757739448938916 172.0
0.8646873276535879 173.0
0.8478307317915554 174.0
0.9120824794476567 175.0
0.9693238322035117 176.0
0.9741491047378061 177.0
0.9565117143937919 178.0
0.9694536162627815 179.0
0.9865057883415757 180.0
0.993467492091437 181.0
0.5498698443717758 182.0
0.41703867400112626 183.0
0.2952859255512055 184.0
0.35300270631295094 185.0
0.6230174036253845 186.0
0.8623839948081001 187.0
0.7964671297566974 188.0
0.8913756491102581 189.0
0.9696139462097645 190.0
0.9722538696444261 191.0
0.9756593540226101 192.0
0.9788087701425187 193.0
0.9867890622400279 194.0
0.977682264350344 195.0
0.9705556877648678 196.0
0.9650436065721443 197.0
0.46591658829833477 198.0
0.4504498373066106 199.0
0.6033908496541452 200.0
0.6609035368281204 201.0
0.812661304378766 202.0
0.8208593167361422 203.0
0.895810571902663 204.0
