0.0 0.0
2.702876223361 1.0
3.878134529550929 2.0
4.11296542072668 3.0
4.387180731951016 4.0
4.5450477376614185 5.0
4.679312924962214 6.0
4.751235602332832 7.0
4.836664774214331 8.0
4.872864389240479 9.0
4.882534177523455 10.0
4.84823140535643 11.0
4.782066344686004 12.0
4.6530171471518535 13.0
4.534392044029948 14.0
4.390602706557106 15.0
4.2493583673510145 16.0
4.009658414657789 17.0
3.7714398613943447 18.0
3.5010001754183575 19.0
3.39715414326089 20.0
3.351958357604157 21.0
3.4264183783908195 22.0
3.550255475877639 23.0
3.732628739667156 24.0
3.8865972300706884 25.0
4.165280779704563 26.0
4.342611317835627 27.0
4.528195543570964 28.0
4.68002344322163 29.0
4.837790860761924 30.0
4.928443709114344 31.0
4.961169782121243 32.0
4.885649488494281 33.0
4.780728681773249 34.0
4.603365799436211 35.0
4.30486867636918 36.0
4.31129990198814 37.0
4.177217396716635 38.0
4.375532157017106 39.0
4.4645023779542505 40.0
4.536501353155066 41.0
4.7260668903295775 42.0
4.8560510775748 43.0
4.802857509152556 44.0
4.761022285657952 45.0
4.743389558127551 46.0
4.442673132388431 47.0
3.9353542296052115 48.0
3.702708521171849 49.0
3.699268398112158 50.0
3.6973255627682144 51.0
3.7437429595491705 52.0
3.8606346486944045 53.0
4.1983663727551965 54.0
4.509643783433241 55.0
4.441890184468876 56.0
4.4495842534499825 57.0
4.438067336277368 58.0
4.526610049628747 59.0
4.66325657546478 60.0
4.470648868313672 61.0
4.134644938174313 62.0
3.674274851700116 63.0
3.497981816969132 64.0
3.4318976360776494 65.0
3.1273390197923003 66.0
3.3124474290518067 67.0
3.674632048309946 68.0
3.924404280226887 69.0
4.190151134478857 70.0
4.352228895414695 71.0
4.662538219322565 72.0
4.822704593725368 73.0
4.929655484621663 74.0
5.014402616372514 75.0
4.828429433443794 76.0
4.5737500278128795 77.0
4.281638829550316 78.0
4.012864751438983 79.0
3.670369039045517 80.0
3.936944021299352 81.0
4.053107250505309 82.0
4.214739843011527 83.0
4.346422029753499 84.0
4.616328251911703 85.0
4.682490527831387 86.0
4.655692311057573 87.0
4.539104563703233 88.0
4.2830799760730365 89.0
4.186237396618976 90.0
4.1783466636490045 91.0
4.053421566764203 92.0
3.676980479979273 93.0
3.209162745187836 94.0
3.3329893191690627 95.0
3.354495211132969 96.0
3.565095522570292 97.0
3.911872964426086 98.0
4.050956238401512 99.0
4.282433134170507 100.0
4.586986141884508 101.0
4.761110109778595 102.0
4.845453788513396 103.0
4.703150053218815 104.0
4.64477390115299 105.0
4.577452357968518 106.0
4.187860331362679 107.0
3.9178487752707176 108.0
3.6170549624679484 109.0
3.414582557333161 110.0
3.569237294876084 111.0
3.7963560895632074 112.0
4.010696236014552 113.0
4.327154067803847 114.0
4.55127609279007 115.0
4.826417699921603 116.0
4.909033320374487 117.0
4.609414935374311 118.0
4.459930921720093 119.0
4.43268722300873 120.0
4.468284318242534 121.0
4.168463506817583 122.0
3.555385100040219 123.0
3.4276689138511127 124.0
3.461281743180607 125.0
3.4997539365336903 126.0
3.7884636551451814 127.0
4.06102255848066 128.0
4.345421561457277 129.0
4.587209571654738 130.0
4.622406350891946 131.0
4.569686875537747 132.0
4.54511727179588 133.0
4.674105333976292 134.0
4.638498257834808 135.0
4.477965899127545 136.0
4.0771470765941 137.0
3.990162809172714 138.0
3.2871040728607452 139.0
3.4127338014851136 140.0
3.42423161562717 141.0
3.514583887830515 142.0
3.672055459489084 143.0
3.962291875233178 144.0
4.231578924910573 145.0
4.461971896174113 146.0
4.5660715413576805 147.0
4.631853083308611 148.0
4.526904477194419 149.0
4.423292761576446 150.0
4.3660113198839845 151.0
4.170488123271059 152.0
3.7208212502746014 153.0
3.333962391749105 154.0
3.4114546981482765 155.0
3.3582727163085266 156.0
3.565450437191165 157.0
3.809223710624923 158.0
4.112101403743134 159.0
4.429390066184699 160.0
4.48219253603915 161.0
4.519678724483417 162.0
4.571462187718104 163.0
4.708991735531512 164.0
4.727935023685819 165.0
4.542533658010791 166.0
4.365582091783987 167.0
3.6886242690589643 168.0
3.5088389875815604 169.0
3.288904266435484 170.0
3.600544983619314 171.0
3.7026869066560093 172.0
4.042311973839162 173.0
4.398306741131737 174.0
4.631857834096299 175.0
4.432281383777635 176.0
4.340649473207752 177.0
4.373765986922284 178.0
4.4322738690071946 179.0
4.528504055337973 180.0
4.533198477134996 181.0
4.212767787219402 182.0
3.7129463954934883 183.0
3.6432908410371203 184.0
3.393924414975893 185.0
3.376758889809088 186.0
3.4569501915179153 187.0
3.876485461016598 188.0
4.057517925674277 189.0
4.222286455670851 190.0
4.5038610138498365 191.0
4.6286728513107995 192.0
4.740949677328834 193.0
4.697863615268949 194.0
4.6372751172547275 195.0
4.676012724935075 196.0
4.355643293903155 197.0
3.5918058778991178 198.0
3.3400741444473194 199.0
3.147812394286861 200.0
3.358129022470166 201.0
3.455614319033411 202.0
3.8840965849264077 203.0
4.295458687901147 204.0
