0.0 0.0
6.633483817952901 1.0
7.615727125337473 2.0
8.602176325818156 3.0
8.870742970612445 4.0
8.887982483655124 5.0
8.754052996360365 6.0
8.59224851372749 7.0
8.37604467049181 8.0
8.126885209540538 9.0
7.878207176868352 10.0
7.608451036583848 11.0
7.7829002974426436 12.0
7.719935478570566 13.0
7.214830153441944 14.0
6.771629024916262 15.0
6.645366232704668 16.0
6.106339147193898 17.0
5.925604095228925 18.0
6.689436451237558 19.0
7.619108147969221 20.0
7.450676621469228 21.0
7.2983664359584015 22.0
7.144944289547078 23.0
7.072694447682476 24.0
6.977843968973065 25.0
6.926769536362802 26.0
6.912155167212509 27.0
6.949735375474819 28.0
6.980170869724707 29.0
7.099440850754462 30.0
6.792663662366952 31.0
6.456061670317963 32.0
6.346592577040834 33.0
6.428258344989199 34.0
6.289468101044651 35.0
6.3870542903403535 36.0
6.472717744145504 37.0
6.696660261249438 38.0
6.913625836683502 39.0
7.1152974051620514 40.0
7.354526903031277 41.0
7.507907283733843 42.0
7.461377300402938 43.0
7.382828672023777 44.0
7.492678179403169 45.0
7.055637074033163 46.0
6.325057383799511 47.0
6.163186309439421 48.0
6.519579508023285 49.0
6.883780763825506 50.0
7.053047030543186 51.0
7.199869034184027 52.0
7.19888172639172 53.0
7.054914452789964 54.0
6.936909808202642 55.0
6.837844742308918 56.0
6.81811559591504 57.0
6.784918916507833 58.0
6.813015814253207 59.0
6.876450895901922 60.0
6.011823827442664 61.0
6.011455881346824 62.0
6.04444909778801 63.0
6.511752814825946 64.0
6.696828553623376 65.0
6.83393364284621 66.0
6.910105078103644 67.0
7.005137452408616 68.0
7.016539774876503 69.0
6.980540735074786 70.0
6.971513381861783 71.0
7.012090554710937 72.0
7.046598452181847 73.0
7.041483435488857 74.0
7.0243228062994145 75.0
6.103821470935227 76.0
6.205072836201538 77.0
6.109540464766151 78.0
6.46971091936544 79.0
6.7539293679240195 80.0
7.029045588929525 81.0
7.106490473508972 82.0
7.429212078765033 83.0
7.3976266519058 84.0
7.22722646372212 85.0
7.144333631460849 86.0
6.9488767392303465 87.0
6.875759997658204 88.0
7.064777901425158 89.0
7.252677598251503 90.0
7.063935895523274 91.0
6.471733415705498 92.0
6.0543065103700355 93.0
6.462737807403408 94.0
6.8860861765671295 95.0
7.074828717453067 96.0
7.321852482178136 97.0
7.346183540688817 98.0
7.22279563579802 99.0
7.102656800766767 100.0
6.989177576227556 101.0
6.976271826217739 102.0
7.040957540913723 103.0
7.212932098673357 104.0
7.236183421533078 105.0
6.637636590995028 106.0
5.877848693834742 107.0
6.09303179653438 108.0
6.60799245404639 109.0
6.9751549736658385 110.0
7.416402534799157 111.0
7.361821117892104 112.0
7.230698035984036 113.0
7.097465022040367 114.0
7.025147471980963 115.0
6.95109309257847 116.0
6.946661709720323 117.0
6.972242060811993 118.0
7.0205131535394765 119.0
7.114487923300064 120.0
6.689435246234172 121.0
6.447008572055631 122.0
6.301866093328566 123.0
6.477539810912408 124.0
6.486271253622227 125.0
6.4975686951249845 126.0
6.69287301835028 127.0
7.030172736857658 128.0
7.0889097614697265 129.0
7.138187738990163 130.0
7.3130260642463 131.0
7.378088432848143 132.0
7.441490855175506 133.0
7.300588565189482 134.0
7.400483319366505 135.0
7.060551614878432 136.0
6.417874050222093 137.0
6.0992507812451064 138.0
6.413273888753895 139.0
6.836029679750004 140.0
7.15881323384637 141.0
7.312417566893812 142.0
7.230303596856834 143.0
7.082205052221265 144.0
6.949962226068572 145.0
6.893848894691694 146.0
6.876228127320445 147.0
6.868913957711499 148.0
6.894635933449511 149.0
6.931639513085013 150.0
6.3933069508008815 151.0
5.890352408724336 152.0
6.068234043949979 153.0
6.635490364496333 154.0
7.354692722555863 155.0
7.531408712723908 156.0
7.3594187129160185 157.0
7.25376114938735 158.0
7.136836131589297 159.0
7.066377005307808 160.0
7.006960214245838 161.0
6.971582831245613 162.0
6.938591122010539 163.0
6.91168678392367 164.0
6.934613890232375 165.0
6.3010621074911946 166.0
6.361238298861578 167.0
6.699398173140771 168.0
6.366665114256953 169.0
6.218183292794942 170.0
6.427627023274121 171.0
6.467116848213924 172.0
6.470368008967755 173.0
6.623012982184665 174.0
6.915626882739132 175.0
7.084833449188335 176.0
7.07926163091316 177.0
7.0745033394153785 178.0
7.023965250163915 179.0
7.049905296378906 180.0
6.652724080624165 181.0
6.278028741942736 182.0
6.158754205345939 183.0
6.528790042984286 184.0
6.686918119153571 185.0
6.971163066153665 186.0
7.218297245068744 187.0
7.307266673475564 188.0
7.380049459712678 189.0
7.5534281384732695 190.0
7.6335366217104585 191.0
7.626768807508891 192.0
7.6175434122802494 193.0
7.621876930569785 194.0
7.616758479535786 195.0
7.042511331434756 196.0
6.165242580739251 197.0
6.152748576436122 198.0
6.680034903389887 199.0
6.9101267418842225 200.0
7.120333852213215 201.0
7.13118412131138 202.0
7.079876598317658 203.0
6.910828701313417 204.0
6.842902487181162 205.0
6.85453737644627 206.0
6.842372697078883 207.0
6.885903737090423 208.0
7.112636320306207 209.0
7.444616538407922 210.0
6.905277852902824 211.0
6.69793093764467 212.0
7.018667157298258 213.0
7.214483453197336 214.0
7.323791512208193 215.0
7.419782364700743 216.0
7.270976822522736 217.0
7.147178736566477 218.0
7.080227057027485 219.0
7.035105493646681 220.0
6.978747388660911 221.0
6.941932482935916 222.0
6.901552171071856 223.0
6.866790934411292 224.0
6.940885793288832 225.0
6.776963050773149 226.0
6.349394044105072 227.0
6.343629487073647 228.0
6.2445700902434105 229.0
6.393134281018835 230.0
6.717090647081735 231.0
7.1112359371446905 232.0
7.258311564773485 233.0
7.299267382958782 234.0
7.322084509242115 235.0
7.247776104489398 236.0
7.196673465564562 237.0
7.256032984948048 238.0
7.375622673399677 239.0
7.256300454141469 240.0
6.854338816172527 241.0
5.951083514019846 242.0
6.09700373172529 243.0
6.544279858327413 244.0
6.6182637855623865 245.0
6.829460186974542 246.0
6.941090498073574 247.0
6.974861628855569 248.0
6.838401834276659 249.0
6.753669269341573 250.0
6.7686322513709705 251.0
6.8621324025281805 252.0
7.014113287057221 253.0
7.433683868842004 254.0
7.514727069861099 255.0
7.120002134309906 256.0
6.614902598228372 257.0
6.538437751110076 258.0
6.770941330117881 259.0
7.013324991106336 260.0
7.113159957197926 261.0
7.0100360504742145 262.0
6.9870408987639365 263.0
7.003130910995486 264.0
6.94822490029304 265.0
6.870661223976555 266.0
6.920468640793974 267.0
6.995442714486974 268.0
6.958207869172682 269.0
7.129320287605781 270.0
6.788541733876794 271.0
